	Location	Ant_ID	Ant_ID_(partner)	start_time	end_time	duration
0	4.0	671	66	0.0	226.0	226.0
1	4.0	796	109	10.0	106.0	96.0
2	4.0	109	769	10.0	106.0	96.0
3	4.0	495	199	35.0	80.0	45.0
4	4.0	671	796	280.0	328.0	48.0
5	4.0	671	495	345.0	353.0	8.0
6	4.0	671	42	389.0	549.0	160.0
7	1.0	269	699	462.0	810.0	348.0
8	4.0	671	397	559.0	593.0	34.0
9	4.0	671	397	601.0	606.0	5.0
10	4.0	671	758	630.0	781.0	151.0
11	4.0	397	565	702.0	871.0	169.0
12	4.0	758	671	832.0	915.0	83.0
13	4.0	570	161	937.0	942.0	5.0
14	4.0	495	671	984.0	1020.0	36.0
15	1.0	797	46	1011.0	1023.0	12.0
16	4.0	495	671	1030.0	1083.0	53.0
17	1.0	269	646	1032.0	1308.0	276.0
18	4.0	109	671	1140.0	1169.0	29.0
19	4.0	565	671	1247.0	1255.0	8.0
20	4.0	565	424	1290.0	1293.0	3.0
21	1.0	267	657	1367.0	1598.0	231.0
22	4.0	796	108	1385.0	1430.0	45.0
23	4.0	565	424	1435.0	1450.0	15.0
24	1.0	646	699	1457.0	1586.0	129.0
25	4.0	671	108	1459.0	1579.0	120.0
26	4.0	429	698	1463.0	1466.0	3.0
27	4.0	796	428	1502.0	1504.0	2.0
28	4.0	495	698	1524.0	1537.0	13.0
29	4.0	495	428	1566.0	1618.0	52.0
30	4.0	495	796	1677.0	1679.0	2.0
31	4.0	495	796	1688.0	1940.0	252.0
32	1.0	657	600	1747.0	1765.0	18.0
33	4.0	790	199	1759.0	1803.0	44.0
34	4.0	671	565	1761.0	1782.0	21.0
35	4.0	790	199	1814.0	1819.0	5.0
36	4.0	671	424	1833.0	1838.0	5.0
37	4.0	790	594	1834.0	2371.0	537.0
38	4.0	108	109	1842.0	1866.0	24.0
39	4.0	109	108	1872.0	2029.0	157.0
40	4.0	397	758	1882.0	1894.0	12.0
41	1.0	600	646	1884.0	2174.0	290.0
42	4.0	758	397	1901.0	1933.0	32.0
43	4.0	758	397	1949.0	2070.0	121.0
44	4.0	796	495	1951.0	2013.0	62.0
45	4.0	565	424	1976.0	1993.0	17.0
46	4.0	702	66	1985.0	1995.0	10.0
47	4.0	796	495	2039.0	2134.0	95.0
48	4.0	108	106	2056.0	2485.0	429.0
49	1.0	76	699	2144.0	2205.0	61.0
50	1.0	819	262	2225.0	2240.0	15.0
51	1.0	46	797	2227.0	2243.0	16.0
52	4.0	758	397	2259.0	2554.0	295.0
53	4.0	495	424	2268.0	2295.0	27.0
54	1.0	353	18	2286.0	2322.0	36.0
55	1.0	46	600	2307.0	2339.0	32.0
56	1.0	657	77	2311.0	2343.0	32.0
57	1.0	128	43	2357.0	2387.0	30.0
58	1.0	262	18	2373.0	2379.0	6.0
59	1.0	727	295	2387.0	2419.0	32.0
60	1.0	334	353	2389.0	2402.0	13.0
61	1.0	353	133	2405.0	2866.0	461.0
62	4.0	790	594	2408.0	2410.0	2.0
63	1.0	128	448	2425.0	3022.0	597.0
64	1.0	1	18	2430.0	2458.0	28.0
65	1.0	194	133	2439.0	2444.0	5.0
66	1.0	194	353	2439.0	2444.0	5.0
67	1.0	818	195	2447.0	2451.0	4.0
68	1.0	133	265	2470.0	2493.0	23.0
69	1.0	353	265	2470.0	2493.0	23.0
70	1.0	1	18	2471.0	2477.0	6.0
71	4.0	790	199	2481.0	2535.0	54.0
72	1.0	265	353	2498.0	2507.0	9.0
73	1.0	265	133	2498.0	2507.0	9.0
74	1.0	67	267	2501.0	2627.0	126.0
75	1.0	818	571	2513.0	2520.0	7.0
76	1.0	334	298	2516.0	2524.0	8.0
77	1.0	571	18	2538.0	2541.0	3.0
78	1.0	763	265	2540.0	2576.0	36.0
79	1.0	571	18	2548.0	2554.0	6.0
80	4.0	594	570	2558.0	2821.0	263.0
81	4.0	106	428	2616.0	2631.0	15.0
82	4.0	758	161	2632.0	2634.0	2.0
83	4.0	428	698	2655.0	2858.0	203.0
84	4.0	397	657	2656.0	2802.0	146.0
85	4.0	161	758	2657.0	2669.0	12.0
86	4.0	424	76	2681.0	2906.0	225.0
87	4.0	109	108	2778.0	3126.0	348.0
88	4.0	428	657	2912.0	2918.0	6.0
89	4.0	758	594	2959.0	3137.0	178.0
90	1.0	353	819	2963.0	3075.0	112.0
91	1.0	67	133	2976.0	3100.0	124.0
92	1.0	763	699	3073.0	3085.0	12.0
93	1.0	600	298	3123.0	3388.0	265.0
94	1.0	77	819	3129.0	3232.0	103.0
95	1.0	133	265	3132.0	3343.0	211.0
96	4.0	758	594	3144.0	3167.0	23.0
97	4.0	106	108	3154.0	3210.0	56.0
98	4.0	758	594	3176.0	3180.0	4.0
99	4.0	594	758	3186.0	3263.0	77.0
100	4.0	702	42	3232.0	3247.0	15.0
101	4.0	108	119	3237.0	3246.0	9.0
102	4.0	630	76	3244.0	3408.0	164.0
103	4.0	702	698	3272.0	3340.0	68.0
104	4.0	108	199	3279.0	3284.0	5.0
105	4.0	291	758	3291.0	3294.0	3.0
106	4.0	758	594	3342.0	3351.0	9.0
107	4.0	166	108	3347.0	3744.0	397.0
108	4.0	698	702	3367.0	3372.0	5.0
109	1.0	298	600	3404.0	3612.0	208.0
110	4.0	758	790	3421.0	3434.0	13.0
111	1.0	77	133	3443.0	3479.0	36.0
112	4.0	790	758	3454.0	3880.0	426.0
113	4.0	495	42	3485.0	3782.0	297.0
114	1.0	77	133	3498.0	3691.0	193.0
115	4.0	397	657	3503.0	3746.0	243.0
116	4.0	424	495	3824.0	3834.0	10.0
117	4.0	594	108	3827.0	3939.0	112.0
118	4.0	128	756	3882.0	4238.0	356.0
119	4.0	758	790	3889.0	3912.0	23.0
120	4.0	765	594	3968.0	4403.0	435.0
121	4.0	790	758	3985.0	3987.0	2.0
122	4.0	397	657	3985.0	4214.0	229.0
123	4.0	790	758	3989.0	4166.0	177.0
124	1.0	265	133	3992.0	4282.0	290.0
125	1.0	133	265	4320.0	4356.0	36.0
126	4.0	161	790	4365.0	4692.0	327.0
127	4.0	756	106	4497.0	4846.0	349.0
128	4.0	424	698	4813.0	4858.0	45.0
129	4.0	420	698	4862.0	4880.0	18.0
130	4.0	424	106	4980.0	4984.0	4.0
131	4.0	106	109	5039.0	5428.0	389.0
132	4.0	42	796	5050.0	5057.0	7.0
133	1.0	q	143	5060.0	5086.0	26.0
134	4.0	790	108	5156.0	5328.0	172.0
135	1.0	262	1	5281.0	5299.0	18.0
136	1.0	532	262	5343.0	5349.0	6.0
137	1.0	143	72	5364.0	5379.0	15.0
138	1.0	334	448	5365.0	5923.0	558.0
139	1.0	539	1	5365.0	5447.0	82.0
140	1.0	291	539	5374.0	5379.0	5.0
141	1.0	1	291	5374.0	5379.0	5.0
142	1.0	195	72	5431.0	5515.0	84.0
143	1.0	174	262	5464.0	5476.0	12.0
144	1.0	33	262	5500.0	5509.0	9.0
145	1.0	33	262	5519.0	5604.0	85.0
146	1.0	18	174	5527.0	5577.0	50.0
147	1.0	539	262	5623.0	5626.0	3.0
148	4.0	119	698	5633.0	5635.0	2.0
149	4.0	76	702	5649.0	5801.0	152.0
150	4.0	698	119	5653.0	5794.0	141.0
151	1.0	571	539	5683.0	5685.0	2.0
152	1.0	77	265	5696.0	5698.0	2.0
153	1.0	262	819	5712.0	5734.0	22.0
154	1.0	46	269	5746.0	5754.0	8.0
155	4.0	42	565	5752.0	5899.0	147.0
156	1.0	598	532	5786.0	5794.0	8.0
157	4.0	128	76	5816.0	5885.0	69.0
158	4.0	397	702	5862.0	5886.0	24.0
159	1.0	539	265	5865.0	5883.0	18.0
160	1.0	819	598	5878.0	5897.0	19.0
161	1.0	265	539	5888.0	5929.0	41.0
162	1.0	819	532	5902.0	5910.0	8.0
163	4.0	702	657	5914.0	5969.0	55.0
164	1.0	265	539	5930.0	5955.0	25.0
165	1.0	46	448	5961.0	5976.0	15.0
166	1.0	334	67	5988.0	6178.0	190.0
167	1.0	174	448	5999.0	6067.0	68.0
168	1.0	265	267	6036.0	6039.0	3.0
169	1.0	267	18	6046.0	6053.0	7.0
170	4.0	397	428	6053.0	6105.0	52.0
171	4.0	790	702	6058.0	6078.0	20.0
172	1.0	77	819	6059.0	6071.0	12.0
173	1.0	174	448	6081.0	6116.0	35.0
174	4.0	790	702	6089.0	6114.0	25.0
175	1.0	174	448	6119.0	6152.0	33.0
176	4.0	108	671	6120.0	6173.0	53.0
177	4.0	702	790	6122.0	6156.0	34.0
178	4.0	428	796	6133.0	6137.0	4.0
179	1.0	539	353	6137.0	6270.0	133.0
180	4.0	702	790	6173.0	6357.0	184.0
181	4.0	758	671	6183.0	6505.0	322.0
182	1.0	600	46	6184.0	6257.0	73.0
183	1.0	331	448	6201.0	6439.0	238.0
184	1.0	334	67	6228.0	6248.0	20.0
185	4.0	428	698	6277.0	6306.0	29.0
186	1.0	763	353	6296.0	6401.0	105.0
187	1.0	699	334	6335.0	6342.0	7.0
188	1.0	43	600	6359.0	6478.0	119.0
189	4.0	790	702	6376.0	6385.0	9.0
190	1.0	539	174	6428.0	6508.0	80.0
191	4.0	702	790	6432.0	6487.0	55.0
192	1.0	46	334	6433.0	6510.0	77.0
193	1.0	331	43	6487.0	6489.0	2.0
194	4.0	702	790	6492.0	6775.0	283.0
195	1.0	699	763	6500.0	6578.0	78.0
196	1.0	334	46	6513.0	6520.0	7.0
197	1.0	174	539	6532.0	6549.0	17.0
198	1.0	448	797	6534.0	6691.0	157.0
199	1.0	331	43	6565.0	6567.0	2.0
200	4.0	758	565	6567.0	6884.0	317.0
201	1.0	43	331	6577.0	6584.0	7.0
202	1.0	699	539	6587.0	6600.0	13.0
203	1.0	763	353	6588.0	6613.0	25.0
204	4.0	671	594	6633.0	6700.0	67.0
205	1.0	331	532	6690.0	6698.0	8.0
206	1.0	43	298	6702.0	6748.0	46.0
207	1.0	764	265	6725.0	6897.0	172.0
208	1.0	532	194	6731.0	6745.0	14.0
209	1.0	43	797	6777.0	6783.0	6.0
210	1.0	269	532	6783.0	6796.0	13.0
211	1.0	448	194	6783.0	6943.0	160.0
212	1.0	797	43	6790.0	7108.0	318.0
213	4.0	702	790	6818.0	6875.0	57.0
214	4.0	397	428	6829.0	6843.0	14.0
215	4.0	428	42	6853.0	6953.0	100.0
216	4.0	702	790	6882.0	7067.0	185.0
217	4.0	671	161	6894.0	6902.0	8.0
218	4.0	796	202	6899.0	6923.0	24.0
219	1.0	265	764	6909.0	6932.0	23.0
220	4.0	698	128	6917.0	6922.0	5.0
221	4.0	128	698	6928.0	6988.0	60.0
222	4.0	765	758	6932.0	7037.0	105.0
223	4.0	128	698	7007.0	7040.0	33.0
224	4.0	109	702	7081.0	7289.0	208.0
225	4.0	671	790	7094.0	7129.0	35.0
226	1.0	43	797	7112.0	7159.0	47.0
227	1.0	797	43	7215.0	7297.0	82.0
228	4.0	76	758	7240.0	7250.0	10.0
229	4.0	702	109	7303.0	7399.0	96.0
230	1.0	797	43	7378.0	7532.0	154.0
231	4.0	671	397	7432.0	7754.0	322.0
232	1.0	295	637	7432.0	7455.0	23.0
233	4.0	765	758	7434.0	7499.0	65.0
234	4.0	790	796	7459.0	7788.0	329.0
235	4.0	758	765	7511.0	7620.0	109.0
236	1.0	797	334	7575.0	7606.0	31.0
237	1.0	46	702	7581.0	7596.0	15.0
238	1.0	600	46	7607.0	7625.0	18.0
239	4.0	66	495	7640.0	7714.0	74.0
240	1.0	600	702	7669.0	7679.0	10.0
241	1.0	600	46	7689.0	7897.0	208.0
242	4.0	66	495	7717.0	7740.0	23.0
243	1.0	298	702	7724.0	8036.0	312.0
244	4.0	66	594	7764.0	7775.0	11.0
245	4.0	594	66	7785.0	7798.0	13.0
246	4.0	66	594	7813.0	7822.0	9.0
247	4.0	657	66	7832.0	7843.0	11.0
248	4.0	790	202	7833.0	7888.0	55.0
249	4.0	657	671	7854.0	7870.0	16.0
250	4.0	428	66	7863.0	7874.0	11.0
251	4.0	657	66	7916.0	8008.0	92.0
252	4.0	698	790	7957.0	7963.0	6.0
253	1.0	46	600	7980.0	7988.0	8.0
254	4.0	428	657	8022.0	8047.0	25.0
255	4.0	790	128	8024.0	8898.0	874.0
256	4.0	796	66	8026.0	8349.0	323.0
257	1.0	298	702	8057.0	8060.0	3.0
258	1.0	702	298	8076.0	8119.0	43.0
259	1.0	46	600	8149.0	8302.0	153.0
260	1.0	600	46	8369.0	8377.0	8.0
261	1.0	600	46	8379.0	8382.0	3.0
262	4.0	671	66	8394.0	8402.0	8.0
263	4.0	66	796	8427.0	8442.0	15.0
264	4.0	671	495	8436.0	8438.0	2.0
265	4.0	671	495	8442.0	8451.0	9.0
266	4.0	397	66	8449.0	8468.0	19.0
267	4.0	66	796	8479.0	8801.0	322.0
268	4.0	671	428	8482.0	8495.0	13.0
269	4.0	495	657	8513.0	8723.0	210.0
270	1.0	46	702	8630.0	8640.0	10.0
271	1.0	298	43	8630.0	8680.0	50.0
272	1.0	797	702	8679.0	8841.0	162.0
273	1.0	43	532	8694.0	8697.0	3.0
274	4.0	657	495	8760.0	8910.0	150.0
275	1.0	448	161	8830.0	8838.0	8.0
276	4.0	429	119	8858.0	8864.0	6.0
277	4.0	119	429	8865.0	9035.0	170.0
278	1.0	265	637	8867.0	8875.0	8.0
279	1.0	175	331	8879.0	9201.0	322.0
280	4.0	397	66	8885.0	8888.0	3.0
281	1.0	539	353	8887.0	9020.0	133.0
282	1.0	265	727	8887.0	8917.0	30.0
283	4.0	66	397	8890.0	8892.0	2.0
284	4.0	565	106	8895.0	9192.0	297.0
285	1.0	295	174	8898.0	9259.0	361.0
286	1.0	637	43	8903.0	8985.0	82.0
287	1.0	46	67	8908.0	9062.0	154.0
288	1.0	291	764	8917.0	9130.0	213.0
289	4.0	128	758	8931.0	8989.0	58.0
290	4.0	495	66	8972.0	9089.0	117.0
291	1.0	43	637	8998.0	9009.0	11.0
292	4.0	758	698	9015.0	9025.0	10.0
293	1.0	353	539	9039.0	9305.0	266.0
294	1.0	637	727	9040.0	9053.0	13.0
295	4.0	202	128	9040.0	9043.0	3.0
296	1.0	637	727	9063.0	9071.0	8.0
297	4.0	758	570	9124.0	9126.0	2.0
298	4.0	698	128	9152.0	9156.0	4.0
299	1.0	764	291	9156.0	9320.0	164.0
300	4.0	66	495	9169.0	9444.0	275.0
301	1.0	194	646	9197.0	9202.0	5.0
302	4.0	202	698	9200.0	9206.0	6.0
303	4.0	698	796	9252.0	9267.0	15.0
304	4.0	101	428	9255.0	10078.0	823.0
305	4.0	671	758	9256.0	9269.0	13.0
306	4.0	199	106	9284.0	9668.0	384.0
307	4.0	796	698	9299.0	9302.0	3.0
308	4.0	671	790	9320.0	9327.0	7.0
309	1.0	539	532	9385.0	9389.0	4.0
310	1.0	194	727	9419.0	9490.0	71.0
311	4.0	66	495	9462.0	9465.0	3.0
312	4.0	758	66	9475.0	9483.0	8.0
313	1.0	727	194	9495.0	9610.0	115.0
314	4.0	758	790	9503.0	9511.0	8.0
315	4.0	66	495	9554.0	9557.0	3.0
316	4.0	66	758	9623.0	9852.0	229.0
317	4.0	nan	495	9671.0	9681.0	10.0
318	4.0	nan	495	9691.0	9696.0	5.0
319	4.0	106	199	9698.0	9895.0	197.0
320	4.0	nan	495	9706.0	9716.0	10.0
321	1.0	539	295	9720.0	9928.0	208.0
322	4.0	495	nan	9731.0	9830.0	99.0
323	4.0	nan	495	9837.0	9873.0	36.0
324	4.0	66	758	9858.0	9870.0	12.0
325	4.0	657	702	9858.0	9906.0	48.0
326	4.0	758	66	9883.0	9891.0	8.0
327	4.0	66	758	9892.0	10085.0	193.0
328	4.0	199	106	9999.0	10001.0	2.0
329	4.0	106	199	10002.0	10004.0	2.0
330	4.0	106	199	10006.0	10145.0	139.0
331	4.0	66	758	10092.0	10096.0	4.0
332	4.0	758	66	10112.0	10125.0	13.0
333	4.0	702	66	10147.0	10153.0	6.0
334	4.0	790	758	10180.0	10221.0	41.0
335	4.0	765	101	10193.0	10453.0	260.0
336	4.0	495	424	10207.0	10251.0	44.0
337	4.0	790	758	10223.0	10355.0	132.0
338	4.0	424	495	10256.0	10258.0	2.0
339	4.0	424	495	10267.0	10280.0	13.0
340	4.0	657	66	10291.0	10297.0	6.0
341	4.0	166	128	10294.0	10302.0	8.0
342	4.0	495	424	10295.0	10316.0	21.0
343	4.0	657	424	10335.0	10339.0	4.0
344	4.0	397	424	10364.0	10381.0	17.0
345	4.0	758	790	10381.0	10436.0	55.0
346	4.0	657	424	10393.0	10403.0	10.0
347	4.0	397	424	10417.0	10430.0	13.0
348	4.0	101	765	10455.0	10469.0	14.0
349	4.0	106	108	10462.0	10643.0	181.0
350	4.0	657	790	10506.0	10577.0	71.0
351	4.0	66	495	10538.0	10686.0	148.0
352	4.0	128	698	10576.0	11117.0	541.0
353	1.0	758	331	10590.0	10597.0	7.0
354	4.0	790	657	10626.0	10655.0	29.0
355	1.0	699	758	10633.0	10635.0	2.0
356	1.0	758	699	10653.0	10656.0	3.0
357	1.0	1	532	10688.0	10695.0	7.0
358	1.0	758	67	10696.0	10699.0	3.0
359	4.0	796	790	10696.0	10710.0	14.0
360	1.0	758	67	10707.0	10862.0	155.0
361	4.0	702	495	10714.0	10726.0	12.0
362	4.0	765	790	10725.0	10767.0	42.0
363	4.0	702	495	10736.0	10830.0	94.0
364	4.0	109	796	10757.0	11022.0	265.0
365	4.0	495	66	10840.0	10876.0	36.0
366	1.0	758	67	10877.0	10958.0	81.0
367	4.0	495	66	10879.0	10958.0	79.0
368	1.0	758	67	10973.0	11177.0	204.0
369	4.0	570	790	11141.0	11153.0	12.0
370	4.0	101	109	11152.0	11156.0	4.0
371	4.0	790	702	11158.0	11184.0	26.0
372	4.0	765	109	11184.0	11580.0	396.0
373	1.0	758	67	11193.0	11312.0	119.0
374	4.0	128	494	11267.0	11400.0	133.0
375	4.0	106	199	11276.0	11278.0	2.0
376	4.0	671	702	11280.0	11311.0	31.0
377	1.0	175	67	11361.0	11597.0	236.0
378	4.0	128	494	11411.0	11444.0	33.0
379	4.0	66	101	11425.0	11448.0	23.0
380	4.0	594	101	11431.0	11446.0	15.0
381	4.0	594	66	11431.0	11446.0	15.0
382	4.0	565	106	11438.0	11491.0	53.0
383	4.0	657	495	11450.0	11774.0	324.0
384	4.0	790	166	11500.0	11800.0	300.0
385	4.0	671	199	11500.0	11512.0	12.0
386	4.0	66	594	11542.0	11622.0	80.0
387	1.0	175	67	11609.0	11917.0	308.0
388	4.0	128	698	11652.0	11676.0	24.0
389	4.0	756	128	11696.0	11717.0	21.0
390	4.0	594	109	11703.0	11714.0	11.0
391	4.0	796	106	11712.0	11981.0	269.0
392	4.0	756	128	11719.0	11732.0	13.0
393	4.0	108	630	11728.0	11778.0	50.0
394	4.0	756	128	11738.0	11769.0	31.0
395	1.0	18	539	11807.0	11809.0	2.0
396	4.0	570	108	11809.0	11818.0	9.0
397	4.0	657	495	11823.0	11861.0	38.0
398	1.0	262	539	11837.0	11933.0	96.0
399	4.0	570	108	11846.0	11868.0	22.0
400	4.0	428	657	11869.0	12075.0	206.0
401	1.0	36	561	11897.0	11918.0	21.0
402	4.0	495	790	11912.0	11929.0	17.0
403	1.0	143	77	11931.0	11938.0	7.0
404	4.0	494	495	11939.0	12040.0	101.0
405	1.0	533	819	11949.0	11958.0	9.0
406	1.0	72	18	11959.0	12233.0	274.0
407	1.0	175	67	11964.0	11968.0	4.0
408	1.0	175	67	11972.0	12040.0	68.0
409	1.0	539	135	11984.0	12040.0	56.0
410	1.0	298	262	12003.0	12018.0	15.0
411	1.0	265	143	12031.0	12041.0	10.0
412	1.0	353	819	12040.0	12069.0	29.0
413	4.0	790	495	12042.0	12076.0	34.0
414	1.0	637	727	12050.0	12158.0	108.0
415	1.0	699	262	12053.0	12069.0	16.0
416	1.0	46	758	12056.0	12207.0	151.0
417	1.0	77	67	12073.0	12186.0	113.0
418	1.0	699	262	12082.0	12087.0	5.0
419	4.0	495	790	12082.0	12198.0	116.0
420	1.0	819	q	12092.0	12141.0	49.0
421	1.0	143	195	12093.0	12109.0	16.0
422	1.0	561	72	12126.0	12228.0	102.0
423	1.0	561	18	12126.0	12228.0	102.0
424	1.0	262	533	12130.0	12134.0	4.0
425	1.0	195	143	12143.0	12159.0	16.0
426	1.0	265	637	12172.0	12198.0	26.0
427	4.0	106	796	12175.0	12199.0	24.0
428	1.0	324	174	12202.0	12223.0	21.0
429	1.0	262	175	12207.0	12216.0	9.0
430	1.0	q	819	12230.0	12254.0	24.0
431	1.0	324	174	12234.0	12359.0	125.0
432	1.0	533	175	12235.0	12271.0	36.0
433	4.0	106	702	12238.0	12336.0	98.0
434	1.0	72	561	12243.0	12265.0	22.0
435	1.0	298	195	12251.0	12256.0	5.0
436	4.0	199	166	12269.0	12275.0	6.0
437	1.0	758	298	12278.0	12336.0	58.0
438	1.0	36	18	12302.0	12340.0	38.0
439	1.0	72	819	12309.0	12342.0	33.0
440	1.0	353	291	12313.0	12624.0	311.0
441	1.0	133	72	12346.0	12388.0	42.0
442	4.0	166	702	12349.0	12366.0	17.0
443	1.0	36	18	12350.0	12460.0	110.0
444	4.0	166	702	12379.0	12406.0	27.0
445	1.0	133	q	12390.0	12478.0	88.0
446	1.0	324	143	12393.0	12402.0	9.0
447	2.0	334	633	12397.0	12417.0	20.0
448	1.0	758	77	12402.0	12429.0	27.0
449	1.0	135	33	12408.0	12411.0	3.0
450	1.0	331	494	12412.0	12421.0	9.0
451	4.0	106	128	12426.0	12645.0	219.0
452	1.0	763	262	12428.0	12451.0	23.0
453	1.0	764	539	12429.0	12768.0	339.0
454	1.0	699	1	12429.0	12435.0	6.0
455	1.0	43	561	12431.0	12470.0	39.0
456	1.0	33	135	12433.0	12493.0	60.0
457	2.0	161	797	12444.0	12451.0	7.0
458	1.0	494	298	12451.0	12504.0	53.0
459	2.0	334	758	12460.0	12466.0	6.0
460	1.0	1	637	12467.0	12489.0	22.0
461	1.0	262	324	12490.0	12501.0	11.0
462	1.0	46	763	12503.0	12637.0	134.0
463	1.0	1	174	12510.0	12512.0	2.0
464	2.0	633	758	12513.0	12551.0	38.0
465	1.0	819	133	12538.0	12580.0	42.0
466	1.0	494	298	12539.0	12756.0	217.0
467	4.0	600	790	12540.0	12559.0	19.0
468	4.0	269	671	12552.0	12562.0	10.0
469	4.0	600	702	12577.0	12597.0	20.0
470	4.0	702	727	12622.0	12640.0	18.0
471	1.0	15	174	12622.0	12637.0	15.0
472	4.0	495	633	12625.0	12683.0	58.0
473	4.0	334	796	12636.0	12665.0	29.0
474	4.0	269	600	12638.0	12651.0	13.0
475	4.0	600	269	12654.0	12825.0	171.0
476	1.0	267	448	12658.0	12662.0	4.0
477	1.0	598	15	12671.0	12690.0	19.0
478	1.0	36	533	12671.0	12704.0	33.0
479	4.0	702	790	12684.0	12742.0	58.0
480	1.0	174	598	12710.0	12776.0	66.0
481	4.0	334	756	12720.0	12752.0	32.0
482	1.0	36	561	12730.0	12755.0	25.0
483	4.0	570	796	12735.0	12739.0	4.0
484	4.0	671	633	12748.0	12789.0	41.0
485	1.0	561	36	12771.0	13010.0	239.0
486	1.0	598	174	12778.0	12889.0	111.0
487	4.0	796	570	12784.0	12788.0	4.0
488	1.0	646	533	12802.0	12815.0	13.0
489	4.0	758	790	12823.0	12899.0	76.0
490	4.0	334	594	12830.0	12953.0	123.0
491	1.0	77	324	12853.0	12944.0	91.0
492	4.0	796	202	12900.0	12904.0	4.0
493	4.0	202	199	12930.0	12932.0	2.0
494	4.0	202	199	12935.0	12963.0	28.0
495	4.0	128	702	12945.0	12948.0	3.0
496	4.0	495	119	12957.0	12973.0	16.0
497	4.0	796	128	12961.0	12974.0	13.0
498	1.0	494	298	12964.0	13085.0	121.0
499	4.0	166	594	12967.0	12996.0	29.0
500	4.0	109	269	12973.0	13205.0	232.0
501	1.0	77	324	12983.0	13026.0	43.0
502	4.0	570	106	12993.0	13139.0	146.0
503	4.0	334	594	13002.0	13062.0	60.0
504	4.0	796	790	13003.0	13010.0	7.0
505	4.0	633	600	13028.0	13148.0	120.0
506	4.0	758	495	13041.0	13080.0	39.0
507	1.0	36	539	13082.0	13711.0	629.0
508	4.0	702	790	13095.0	13207.0	112.0
509	4.0	331	796	13099.0	13106.0	7.0
510	4.0	334	727	13105.0	13144.0	39.0
511	4.0	796	166	13182.0	13216.0	34.0
512	1.0	291	764	13206.0	13712.0	506.0
513	1.0	571	598	13265.0	13377.0	112.0
514	4.0	202	495	13267.0	13271.0	4.0
515	4.0	758	790	13278.0	13287.0	9.0
516	4.0	199	765	13279.0	13290.0	11.0
517	1.0	q	15	13281.0	13288.0	7.0
518	4.0	790	758	13288.0	13391.0	103.0
519	4.0	702	269	13337.0	13496.0	159.0
520	1.0	33	q	13421.0	13438.0	17.0
521	4.0	101	106	13434.0	13822.0	388.0
522	1.0	598	571	13559.0	13703.0	144.0
523	4.0	702	796	13653.0	13664.0	11.0
524	1.0	291	764	13715.0	13719.0	4.0
525	1.0	36	539	13721.0	13808.0	87.0
526	1.0	291	764	13726.0	13730.0	4.0
527	4.0	428	594	13738.0	13745.0	7.0
528	4.0	331	594	13754.0	13910.0	156.0
529	1.0	291	764	13758.0	14400.0	642.0
530	4.0	106	108	13859.0	13898.0	39.0
531	1.0	533	36	13886.0	13987.0	101.0
532	1.0	598	353	13898.0	13979.0	81.0
533	1.0	764	43	13912.0	13932.0	20.0
534	1.0	43	291	13912.0	13932.0	20.0
535	4.0	106	108	13919.0	13921.0	2.0
536	1.0	797	77	13922.0	13925.0	3.0
537	1.0	324	298	13929.0	14400.0	471.0
538	1.0	324	797	13936.0	13951.0	15.0
539	1.0	797	298	13936.0	13951.0	15.0
540	4.0	106	108	13944.0	14006.0	62.0
541	4.0	657	698	13991.0	14066.0	75.0
542	1.0	36	533	14005.0	14051.0	46.0
543	4.0	108	331	14023.0	14074.0	51.0
544	4.0	108	331	14083.0	14092.0	9.0
545	4.0	101	106	14086.0	14307.0	221.0
546	4.0	334	331	14119.0	14409.0	290.0
547	4.0	108	428	14205.0	14240.0	35.0
548	4.0	702	796	14269.0	14280.0	11.0
549	1.0	539	128	14328.0	14400.0	72.0
550	4.0	796	758	14373.0	14378.0	5.0
551	1.0	428	1	14376.0	14395.0	19.0
552	4.0	630	nan	14389.0	14409.0	20.0
553	4.0	758	119	14405.0	14409.0	4.0
